0	762
1	763
2	764
3	765
4	766
5	767
6	768
7	769
8	770
9	771
10	772
11	773
12	774
13	775
14	776
15	777
16	778
17	779
18	780
19	781
20	782
21	783
22	784
23	785
24	786
25	787
26	788
27	789
28	790
29	791
30	792
31	785
32	786
33	787
34	788
35	789
36	790
37	791
38	792
39	793
40	794
41	795
42	796
43	797
44	798
45	799
46	800
47	801
48	802
49	803
50	804
51	805
52	806
53	807
54	808
55	809
56	810
57	811
58	812
59	813
60	814
61	808
62	809
63	810
64	811
65	812
66	813
67	814
68	815
69	816
70	817
71	818
72	819
73	820
74	821
75	822
76	823
77	824
78	825
79	826
80	827
81	828
82	829
83	830
84	831
85	832
86	833
87	834
88	835
89	836
90	837
91	838
92	839
93	840
94	841
95	842
96	843
97	844
98	845
99	846
100	847
101	848
102	849
103	850
104	851
105	852
106	853
107	854
108	852
109	853
110	854
111	855
112	856
113	857
114	858
115	859
116	860
117	861
118	862
119	863
120	864
121	865
122	866
123	867
124	868
125	869
126	870
127	871
128	872
129	873
130	874
131	875
132	876
133	877
134	878
135	879
136	880
137	881
138	882
139	874
140	875
141	876
142	877
143	878
144	879
145	880
146	881
147	882
148	883
149	884
150	885
151	886
152	887
153	888
154	889
155	890
156	891
157	892
158	893
159	894
160	895
161	896
162	897
163	898
164	899
165	900
166	901
167	902
168	903
169	904
170	898
171	899
172	900
173	901
174	902
175	903
176	904
177	905
178	906
179	907
180	908
181	909
182	910
183	911
184	912
185	913
186	914
187	915
188	916
189	917
190	918
191	919
192	920
193	921
194	922
195	923
196	924
197	925
198	926
199	927
200	928
201	920
202	921
203	922
204	923
205	924
206	925
207	926
208	927
209	928
210	929
211	930
212	931
213	932
214	933
215	934
216	935
217	936
218	937
219	938
220	939
221	940
222	941
223	942
224	943
225	944
226	945
227	946
228	947
229	948
230	949
231	950
232	954
233	955
234	956
235	957
236	958
237	959
238	960
239	961
240	962
241	963
242	964
243	965
244	966
245	967
246	968
247	969
248	970
249	971
250	972
251	973
252	974
253	975
254	976
255	977
256	978
257	979
258	980
259	981
260	982
261	983
262	984
263	985
264	986
265	987
266	988
267	989
268	990
269	991
270	992
271	987
272	988
273	989
274	990
275	991
276	992
277	993
278	994
279	995
280	996
281	997
282	998
283	999
284	1000
285	1001
286	1002
287	1003
288	1004
289	1005
290	1006
291	1007
292	1008
293	1009
294	1010
295	1011
296	1012
297	1013
298	1014
299	1015
300	1016
301	1017
302	1018
303	1019
304	1020
305	1021
306	1022
307	1023
308	1024
309	1025
310	1026
311	1027
312	1028
313	1029
314	1030
315	1031
316	1032
317	1033
318	1034
319	1035
320	1036
321	1037
322	1038
323	1039
324	1040
325	1041
326	1042
327	1043
328	1044
329	1045
330	1046
331	1047
332	1048
333	1049
334	1050
335	1051
336	1052
337	1053
338	1054
339	1055
340	1056
341	1057
342	1058
343	1059
344	1060
345	1061
346	1062
347	1063
348	1064
349	1065
350	1066
351	1067
352	1068
353	1069
354	1070
355	1071
356	1072
357	1073
358	1074
359	1075
360	1076
361	1077
362	1078
363	1079
364	1080
365	1081
366	1082
367	1083
368	1084
369	1085
370	1086
371	1087
372	1088
373	1089
374	1090
375	1091
376	1092
377	1093
378	1094
379	1095
380	1096
381	1097
382	1098
383	-1
384	-1
385	-1
386	-1
387	-1
388	-1
389	-1
390	-1
391	-1
392	-1
393	-1
394	-1
395	-1
396	-1
397	-1
398	-1
399	-1
400	-1
401	-1
402	-1
403	-1
404	-1
405	-1
406	-1
407	-1
408	-1
409	-1
410	-1
411	-1
412	-1
413	-1
414	-1
415	-1
416	-1
417	-1
418	-1
419	-1
420	-1
421	-1
422	-1
423	-1
424	-1
425	-1
426	-1
427	-1
428	-1
429	-1
430	-1
431	-1
432	-1
433	-1
434	-1
435	-1
436	-1
437	-1
438	-1
439	-1
440	-1
441	-1
442	-1
443	-1
444	-1
445	-1
446	-1
447	-1
448	-1
449	-1
450	-1
451	-1
452	-1
453	-1
454	-1
455	-1
456	-1
457	-1
458	-1
459	-1
460	-1
461	-1
462	-1
463	-1
464	-1
465	-1
466	-1
467	-1
468	-1
469	-1
470	-1
471	-1
472	-1
473	-1
474	-1
475	-1
476	-1
477	-1
478	-1
479	-1
480	-1
481	-1
482	-1
483	-1
484	-1
485	-1
486	-1
487	-1
488	-1
489	-1
490	-1
491	-1
492	-1
493	-1
494	-1
495	-1
496	-1
497	-1
498	-1
499	-1
500	-1
501	-1
502	-1
503	-1
504	-1
505	-1
506	-1
507	-1
508	-1
509	-1
510	-1
511	-1
512	-1
513	-1
514	-1
515	-1
516	-1
517	-1
518	-1
519	-1
520	-1
521	-1
522	-1
523	-1
524	-1
525	-1
526	-1
527	-1
528	-1
529	-1
530	-1
531	-1
532	-1
533	-1
534	-1
535	-1
536	-1
537	-1
538	-1
539	-1
540	-1
541	-1
542	-1
543	-1
544	-1
545	-1
546	-1
547	-1
548	-1
549	-1
550	-1
551	-1
552	-1
553	-1
554	-1
555	-1
556	-1
557	-1
558	-1
559	-1
560	-1
561	-1
562	-1
563	-1
564	-1
565	-1
566	-1
567	-1
568	-1
569	-1
570	-1
571	-1
572	-1
573	-1
574	-1
575	-1
576	-1
577	-1
578	-1
579	-1
580	-1
581	-1
582	-1
583	-1
584	-1
585	-1
586	-1
587	-1
588	-1
589	-1
590	-1
591	-1
592	-1
593	-1
594	-1
595	-1
596	-1
597	-1
598	-1
599	-1
600	-1
601	-1
602	-1
603	-1
604	-1
605	-1
606	-1
607	-1
608	-1
609	-1
610	-1
611	-1
612	-1
613	-1
614	-1
615	-1
616	-1
617	-1
618	-1
619	-1
620	-1
621	-1
622	-1
623	-1
624	-1
625	-1
626	-1
627	-1
628	-1
629	-1
630	-1
631	-1
632	-1
633	-1
634	-1
635	-1
636	-1
637	-1
638	-1
639	-1
640	-1
641	-1
642	-1
643	-1
644	-1
645	-1
646	-1
647	-1
648	-1
649	-1
650	-1
651	-1
652	-1
653	-1
654	-1
655	-1
656	-1
657	-1
658	-1
659	-1
660	-1
661	-1
662	-1
663	-1
664	-1
665	-1
666	-1
667	-1
668	-1
669	-1
670	-1
671	-1
672	-1
673	-1
674	-1
675	-1
676	-1
677	-1
678	-1
679	-1
680	-1
681	-1
682	-1
683	-1
684	-1
685	-1
686	-1
687	-1
688	-1
689	1208
690	1209
691	1210
692	1211
693	1212
694	1213
695	1214
696	1215
697	1216
698	1217
699	1218
700	1219
701	1220
702	1221
703	1222
704	1223
705	1224
706	1225
707	1226
708	1227
709	1228
710	1229
711	1230
712	1231
713	1232
714	1233
715	1234
716	1235
717	1236
718	1237
719	1238
720	1239
721	1240
722	1241
723	1242
724	1243
725	1244
726	1245
727	1246
728	1247
729	1248
730	1249
731	1250
732	1251
733	1252
734	1253
735	1254
736	1255
737	1256
738	1257
739	1258
740	1259
741	1260
742	1261
743	1262
744	1263
745	1264
746	1265
747	1266
748	1267
749	1268
750	1269
751	1270
752	1271
753	1272
754	1273
755	1274
756	1275
757	1276
758	1277
759	1278
760	1279
761	1280
762	1281
763	1282
764	1283
765	1284
766	1285
767	1286
768	1287
769	1288
770	1289
771	1290
772	1291
773	1292
774	1293
775	1294
776	1295
777	1296
778	1297
779	1298
780	1299
781	1307
782	1308
783	1309
784	1310
785	1311
786	1312
787	1313
788	1314
789	1315
790	1316
791	1317
792	1318
793	1319
794	1320
795	1321
796	1322
797	1323
798	1324
799	1325
800	1326
801	1327
802	1328
803	1329
804	1330
805	1331
806	1332
807	1333
808	1334
809	1335
810	1336
811	1337
812	1338
813	1339
814	1340
815	1341
816	1342
817	1343
818	1344
819	1345
820	1346
821	1347
822	1348
823	1349
824	1350
825	1351
826	1352
827	1353
828	1354
829	1355
830	1356
831	1349
832	1350
833	1351
834	1352
835	1353
836	1354
837	1355
838	1356
839	1357
840	1358
841	1359
842	1360
843	1361
844	1362
845	1363
846	1364
847	1365
848	1366
849	1367
850	1368
851	1369
852	1370
853	1371
854	1372
855	1373
856	1374
857	1375
858	1376
859	1377
860	1378
861	1379
862	1380
863	1381
864	1382
865	1383
866	1384
867	1385
868	1386
869	1387
870	1388
871	1389
872	1390
873	1391
874	1392
875	1393
876	1394
877	1395
878	1396
879	1397
880	1398
881	1399
882	1400
883	1401
884	1402
885	1403
886	1404
887	1405
888	1406
889	1407
890	1408
891	1409
892	1410
893	1411
894	1412
895	1413
896	1414
897	1415
898	170
899	171
900	172
901	173
902	174
903	175
904	176
905	177
906	178
907	179
908	180
909	181
910	182
911	183
912	184
913	185
914	186
915	187
916	188
917	189
918	190
919	191
920	192
921	193
922	194
923	195
924	196
925	197
926	198
927	199
928	200
929	201
930	202
931	203
932	204
933	205
934	206
935	207
936	208
937	209
938	210
939	211
940	212
941	219
942	220
943	221
944	222
945	223
946	224
947	225
948	226
949	227
950	228
951	229
952	230
953	231
954	232
955	233
956	234
957	235
958	236
959	237
960	238
961	239
962	240
963	241
964	242
965	243
966	244
967	245
968	246
969	247
970	248
971	249
972	250
973	251
974	252
975	253
976	254
977	255
978	256
979	257
980	258
981	259
982	260
983	261
984	262
985	263
986	264
987	265
988	266
989	267
990	268
991	277
992	278
993	279
994	280
995	281
996	282
997	283
998	284
999	285
1000	286
1001	287
1002	288
1003	289
1004	290
1005	291
1006	292
1007	293
1008	294
1009	295
1010	296
1011	297
1012	298
1013	299
1014	300
1015	301
1016	302
1017	303
1018	304
1019	305
1020	306
1021	307
1022	308
1023	309
1024	310
1025	311
1026	312
1027	313
1028	314
1029	315
1030	316
1031	317
1032	318
1033	319
1034	320
1035	321
1036	322
1037	323
1038	324
1039	325
1040	326
1041	336
1042	337
1043	338
1044	339
1045	340
1046	341
1047	342
1048	343
1049	344
1050	345
1051	346
1052	347
1053	348
1054	349
1055	350
1056	351
1057	352
1058	353
1059	354
1060	355
1061	356
1062	357
1063	358
1064	359
1065	360
1066	361
1067	362
1068	363
1069	364
1070	365
1071	366
1072	367
1073	368
1074	369
1075	370
1076	371
1077	372
1078	373
1079	374
1080	375
1081	376
1082	377
1083	378
1084	379
1085	380
1086	381
1087	382
1088	383
1089	384
1090	385
1091	-1
1092	-1
1093	-1
1094	-1
1095	-1
1096	-1
1097	-1
1098	-1
1099	-1
1100	-1
1101	-1
1102	-1
1103	-1
1104	-1
1105	-1
1106	-1
1107	-1
1108	-1
1109	-1
1110	-1
1111	-1
1112	-1
1113	-1
1114	-1
1115	-1
1116	-1
1117	-1
1118	-1
1119	-1
1120	-1
1121	-1
1122	-1
1123	-1
1124	-1
1125	-1
1126	-1
1127	-1
1128	-1
1129	-1
1130	-1
1131	-1
1132	-1
1133	-1
1134	-1
1135	-1
1136	-1
1137	-1
1138	-1
1139	-1
1140	-1
1141	-1
1142	-1
1143	-1
1144	-1
1145	-1
1146	-1
1147	-1
1148	-1
1149	-1
1150	-1
1151	-1
1152	-1
1153	-1
1154	-1
1155	-1
1156	-1
1157	-1
1158	-1
1159	-1
1160	-1
1161	-1
1162	-1
1163	-1
1164	-1
1165	-1
1166	-1
1167	-1
1168	-1
1169	-1
1170	-1
1171	-1
1172	-1
1173	-1
1174	-1
1175	-1
1176	-1
1177	-1
1178	-1
1179	-1
1180	-1
1181	-1
1182	-1
1183	-1
1184	-1
1185	-1
1186	-1
1187	-1
1188	-1
1189	-1
1190	-1
1191	-1
1192	-1
1193	-1
1194	-1
1195	-1
1196	-1
1197	-1
1198	-1
1199	-1
1200	-1
1201	-1
1202	-1
1203	-1
1204	-1
1205	-1
1206	-1
1207	-1
1208	-1
1209	693
1210	694
1211	695
1212	696
1213	697
1214	698
1215	699
1216	700
1217	701
1218	702
1219	703
1220	704
1221	705
1222	706
1223	707
1224	708
1225	709
1226	710
1227	711
1228	712
1229	713
1230	714
1231	715
1232	716
1233	717
1234	718
1235	719
1236	720
1237	721
1238	722
1239	723
1240	724
1241	725
1242	726
1243	727
1244	728
1245	729
1246	730
1247	731
1248	732
1249	733
1250	734
1251	730
1252	731
1253	732
1254	733
1255	734
1256	735
1257	736
1258	737
1259	738
1260	739
1261	740
1262	741
1263	742
1264	743
1265	744
1266	745
1267	746
1268	747
1269	748
1270	749
1271	750
1272	751
1273	752
1274	753
1275	754
1276	755
1277	756
1278	757
1279	758
1280	759
1281	760
1282	761
1283	762
1284	763
1285	764
1286	765
1287	766
1288	767
1289	768
1290	769
1291	770
1292	771
1293	772
1294	773
1295	774
1296	775
1297	776
1298	777
1299	778
1300	779
1301	784
1302	785
1303	786
1304	787
1305	788
1306	789
1307	790
1308	791
1309	792
1310	793
1311	794
1312	795
1313	796
1314	797
1315	798
1316	799
1317	800
1318	801
1319	802
1320	803
1321	804
1322	805
1323	806
1324	807
1325	808
1326	809
1327	810
1328	811
1329	812
1330	813
1331	814
1332	815
1333	816
1334	817
1335	818
1336	819
1337	820
1338	821
1339	822
1340	823
1341	824
1342	825
1343	826
1344	827
1345	828
1346	829
1347	830
1348	831
1349	832
1350	833
1351	834
1352	835
1353	836
1354	837
1355	838
1356	839
1357	840
1358	841
1359	842
1360	843
1361	844
1362	845
1363	846
1364	847
1365	848
1366	849
1367	850
1368	851
1369	852
1370	853
1371	854
1372	855
1373	856
1374	857
1375	858
1376	859
1377	860
1378	861
1379	862
1380	863
1381	864
1382	865
1383	866
1384	867
1385	868
1386	869
1387	870
1388	871
1389	872
1390	873
1391	874
1392	875
1393	876
1394	877
1395	878
1396	879
1397	880
1398	881
1399	882
1400	883
1401	885
1402	886
1403	887
1404	888
1405	889
1406	890
1407	891
1408	892
1409	893
1410	894
1411	895
1412	896
1413	897
1414	898
1415	899
